 -2.16617E+03   4.35500E+03  -1.49915E+00  -2.45332E+03   4.70288E+00   1.06633E-01
 -4.42841E+02   1.07843E+03  -4.49936E-01  -5.95229E+02   4.59282E+00   1.50371E-01
  1.70670E+02  -4.94457E+02  -9.66905E+00   3.95242E+02   4.17136E+00  -9.59148E-01
 -2.87625E+02   9.08733E+02   1.08482E+00  -6.90290E+02  -8.91017E+00   5.93000E-01
 -1.04122E+02   2.84494E+02   1.92252E+01  -1.86248E+02  -2.79050E+01  -5.40539E-01
 -3.54086E+01   9.02691E+01   8.47380E+00  -5.18477E+01  -1.39354E+01   3.10114E-02
  1.44688E+00  -2.31203E+00   4.74626E-03  -1.73452E+00   1.84187E+00  -2.97484E-01
  1.70794E+01  -6.28190E+01   3.86758E+00   5.36772E+01  -4.40813E+00  -2.49521E-01
  8.72667E+00  -2.39482E+01   1.09335E+00   9.77059E+00   4.11094E+00  -9.06463E-01
 -4.58080E+00   1.35253E+01  -3.93166E-01  -7.87463E+00  -1.19202E+00   2.80186E-01
  1.36480E+01  -4.24895E+01  -1.11447E-01   3.15679E+01   8.68853E-01  -9.46378E-02
 -4.86409E+00   1.32399E+01   4.51817E-01  -7.67920E+00  -1.58774E+00   1.33331E-01
 -1.73868E+00   5.66853E+00   1.35191E-01  -4.84668E+00   1.33602E-01  -5.67683E-02
  3.87930E+00  -1.20641E+01   1.49439E-01   8.54718E+00   3.68930E-01  -9.11494E-02
  6.38715E-01  -1.77573E+00  -9.37300E-02   1.16240E+00   1.64368E-01  -1.90125E-03
 -1.48552E-01   4.33595E-01  -9.81254E-05  -2.78662E-01  -2.72447E-02   4.10752E-03
