 -1.16531E+03   1.17741E+03   6.62678E+00
 -2.03401E+02   3.12486E+02   4.16460E+00
  4.06093E+00   2.97658E+01  -1.16301E+01
  4.47346E+00  -4.47537E+00  -7.80112E-01
 -1.60031E-01   9.23350E-02   6.27778E-02
 -2.21113E-01   2.92907E-01   1.38240E-02
  1.78323E-01  -2.18965E-01  -2.00255E-02
 -6.33125E-01   8.80396E-01   3.00427E-02
  1.90611E-01  -4.53469E-01   5.29855E-02
 -3.12387E-02   8.84491E-02  -1.31343E-02
 -2.02618E-01   3.28994E-01  -5.54739E-03
 -6.80010E-02   9.18553E-02   4.41756E-03
  8.76999E-02  -1.46187E-01   3.48542E-03
 -3.50735E-02   4.64871E-02   2.41019E-03
 -2.81250E-03   7.67579E-03  -1.08531E-03
 -5.19832E-03   8.93842E-03  -2.96918E-04
