1.2689158457E-03 4.0675618691E-04 6.7238625117E-04 9.0642726754E-04 1.4930491402E-03 2.6609385292E-03 4.2936140971E-03 6.3343984802E-03 1.6005314170E-02 3.4120008206E-02
1.3686545262E-03 3.3169050513E-04 4.7160897819E-04 5.4854515717E-04 9.2164402200E-04 1.8392770780E-03 2.9795214019E-03 3.7482754108E-03 8.2804099832E-03 2.6118438724E-02
1.5881610894E-03 5.6774751086E-04 4.7467950594E-04 4.0740776419E-04 5.9956336287E-04 1.3215192933E-03 2.0174359067E-03 1.1962772033E-04 4.9288883051E-03 1.8947121711E-02
1.6858775862E-03 6.2176072715E-04 4.1785582055E-04 2.9383219098E-04 4.2609266595E-04 1.0296970058E-03 1.3362243368E-03 6.7552630332E-03 1.1562100473E-02 1.7743091070E-02
1.6019891501E-03 4.3582141023E-04 3.3274806601E-04 3.8121076195E-04 4.5093710265E-04 8.4351554129E-04 7.8949555478E-04 8.7902147124E-03 1.2348760681E-02 2.3375476882E-02
1.5745238701E-03 4.4880196460E-04 4.9448125366E-04 5.1278422405E-04 3.3403466935E-04 8.8061101332E-04 3.2406933233E-03 8.2628388574E-03 7.9849849449E-03 2.6728350210E-02
1.4616744834E-03 4.7353195548E-04 6.9393998032E-04 4.6748330980E-04 1.7931100310E-03 2.3144635010E-03 9.8503786296E-03 1.7900755619E-02 2.0266010203E-02 3.3269570606E-02
1.1167470624E-03 4.9580233728E-04 1.1066712752E-03 3.6191274194E-03 4.8064356979E-03 1.6338704006E-02 8.3630843229E-03 2.6356689498E-02 3.9090676555E-02 4.8635972591E-02
5.3413420731E-04 1.3227484157E-03 4.4347677035E-03 3.2129300375E-03 2.1116019701E-02 1.8852024350E-02 3.3027658861E-02 3.4533435878E-02 4.9205918104E-02 6.2902830853E-02
1.5341195781E-03 4.1949277279E-03 9.5210861024E-03 2.9866947815E-03 2.5706212469E-02 2.7782255906E-02 3.5072076862E-02 3.6688559266E-02 6.0843724828E-02 7.4881219913E-02
