1.0718107423E-01 1.0379086826E-01 1.0570460351E-01 1.1002149764E-01 1.1502789781E-01 1.1989179391E-01 1.2436352498E-01 1.2874144444E-01 1.3793471165E-01 1.6666531004E-01
8.8035448956E-02 8.2483239924E-02 8.3407046119E-02 8.7268339389E-02 9.1847033932E-02 9.6052495351E-02 9.9502288007E-02 1.0248617149E-01 1.1422785725E-01 1.5017866097E-01
6.9274690931E-02 6.0597228713E-02 6.0244615513E-02 6.3801466801E-02 6.8141329406E-02 7.1746299906E-02 7.4097173193E-02 7.5883764122E-02 9.6047796314E-02 1.3645553984E-01
5.2311318061E-02 3.8607505573E-02 3.6249776378E-02 4.0019059374E-02 4.4661136894E-02 4.7809061121E-02 4.8822183067E-02 5.1658079407E-02 8.0637547120E-02 1.2484863681E-01
4.1199751111E-02 2.0041732151E-02 1.2769082577E-02 1.9278154725E-02 2.5727063876E-02 2.8594363208E-02 2.7556180792E-02 3.6061890289E-02 7.2250660205E-02 1.1692994934E-01
4.2953633305E-02 2.4204090284E-02 1.9412121550E-02 2.4559073730E-02 2.9795727028E-02 3.1543110107E-02 2.9752351379E-02 4.4805447171E-02 7.2420315033E-02 1.1334697706E-01
5.8141247527E-02 4.7636037096E-02 4.7048481708E-02 5.0923316790E-02 5.4830081717E-02 5.6018860870E-02 5.4725267439E-02 6.5804867781E-02 8.0135924236E-02 1.1422072077E-01
8.0890205694E-02 7.5733167703E-02 7.7577345646E-02 8.2191794232E-02 8.5410608876E-02 8.6455022803E-02 8.6750786756E-02 8.8869920585E-02 9.2136226366E-02 1.1801101992E-01
1.0790857717E-01 1.0665122606E-01 1.1080502406E-01 1.1493269120E-01 1.1752999593E-01 1.1652122503E-01 1.1947837972E-01 1.1842435626E-01 1.0948274279E-01 1.2698081687E-01
1.3812754601E-01 1.4037907549E-01 1.4493714333E-01 1.4666706925E-01 1.4779918650E-01 1.4500326208E-01 1.4589474419E-01 1.2936686626E-01 1.2787911898E-01 1.3755162224E-01
