3.9087130326E-02 2.4135612782E-02 1.5442190942E-02 1.3763580338E-02 1.6040655090E-02 1.8502134689E-02 2.0018107208E-02 2.1325516906E-02 3.3938672734E-02 6.0211791798E-02
3.5649959261E-02 2.0300084756E-02 1.1089222025E-02 1.0050207546E-02 1.3024004472E-02 1.5158983059E-02 1.5407345656E-02 1.4986078490E-02 3.1114951373E-02 5.2727299744E-02
3.2276677222E-02 1.6877786367E-02 7.8718263578E-03 8.6491936553E-03 1.2221896485E-02 1.3739198337E-02 1.2466268827E-02 1.2029845972E-02 3.2110860700E-02 4.7026351996E-02
2.8739623572E-02 1.3663617470E-02 6.3268576062E-03 9.6125679244E-03 1.3144392085E-02 1.3703693214E-02 1.0719275131E-02 2.0021124649E-02 3.0631026337E-02 4.3338704243E-02
2.5021550795E-02 1.0835263311E-02 7.3387432286E-03 1.2096780902E-02 1.5033626609E-02 1.4262864057E-02 9.3208219696E-03 2.8725491005E-02 2.6597770336E-02 4.3464463551E-02
2.1327613766E-02 9.4638325641E-03 1.0719022490E-02 1.5653386642E-02 1.7633546288E-02 1.5051357616E-02 9.4771335340E-03 4.3132539325E-02 2.3699106945E-02 4.7487575313E-02
1.8463198771E-02 1.1507584582E-02 1.5907732693E-02 2.0457300684E-02 2.1386980788E-02 1.7272759528E-02 1.5878234565E-02 5.5557966200E-02 3.6893512365E-02 6.1036021828E-02
1.8145410036E-02 1.7224366049E-02 2.2975713313E-02 2.7315342193E-02 2.6783345664E-02 2.6538408550E-02 3.6041586822E-02 6.6292351840E-02 6.3230708163E-02 8.1490922682E-02
2.2131120634E-02 2.5833627423E-02 3.2511292781E-02 3.4864112371E-02 3.6525364776E-02 3.9578924236E-02 6.0702451838E-02 8.2699630804E-02 8.6331569950E-02 1.0183555146E-01
3.0482809677E-02 3.7246639610E-02 4.2387170048E-02 4.2202782232E-02 4.7263202156E-02 5.5473597322E-02 7.9417289731E-02 8.7172265744E-02 1.0561184028E-01 1.1799681353E-01
