1.5289114776E-02 6.8542873556E-03 5.6422733944E-03 9.1535337708E-03 1.2136354168E-02 1.4035292590E-02 1.5150375899E-02 1.6369290352E-02 2.6536370606E-02 3.7792143878E-02
1.4080347459E-02 4.7050057553E-03 2.6196955425E-03 7.0424902753E-03 9.7912363408E-03 1.1011725993E-02 1.1044683811E-02 1.0785761279E-02 1.9935443851E-02 2.7870620561E-02
1.3660231754E-02 5.1383838309E-03 3.8860521749E-03 7.2211684564E-03 9.2319299296E-03 9.6157017296E-03 8.6034764378E-03 8.2867335484E-03 2.0507232699E-02 1.9457165594E-02
1.3268147001E-02 6.0932796993E-03 5.7777738673E-03 8.1969419331E-03 9.4505962488E-03 9.0667823741E-03 7.4011746832E-03 1.2570287850E-02 2.1556993808E-02 1.9967664103E-02
1.2431361461E-02 6.3719686696E-03 6.8142873069E-03 8.8261925317E-03 9.4696179418E-03 8.3870866942E-03 6.7314085851E-03 1.1293052344E-02 1.8743568530E-02 2.8353760934E-02
1.0829930103E-02 5.6733397445E-03 7.0486516839E-03 8.9281350386E-03 9.0362848947E-03 7.1735624042E-03 8.2359842486E-03 2.4734241841E-02 1.0359417485E-02 3.6390519403E-02
8.3774238876E-03 4.2465844704E-03 7.0886543622E-03 9.1031390969E-03 9.1621332511E-03 5.9000808299E-03 1.0881823847E-02 3.4704643038E-02 2.4104799766E-02 4.9635706467E-02
5.4026063091E-03 4.0244215121E-03 8.5481330879E-03 1.2067721387E-02 8.8188014281E-03 1.9747074631E-02 1.7168897486E-02 4.0914800887E-02 5.0526955972E-02 6.8948609669E-02
4.8982569567E-03 8.0260163863E-03 1.4337471189E-02 1.5863014504E-02 2.5330847422E-02 2.8245244270E-02 4.1964235335E-02 4.9099389781E-02 6.5173256472E-02 8.5816255683E-02
1.0185709599E-02 1.5831913604E-02 2.2499407793E-02 1.7768249123E-02 3.7555329177E-02 3.6956220102E-02 4.4198843698E-02 4.0791338616E-02 7.4832918453E-02 9.7390433536E-02
