2.0167965298E-01 3.4690711838E-02 8.4406557958E-02 1.4012464683E-01 1.5660057830E-01 1.4180225851E-01 1.0353565019E-01 5.5208037501E-02 5.5984114244E-02 1.4158083349E-01
2.1056204278E-01 4.0449767191E-02 7.4806053339E-02 1.3082418917E-01 1.4748550857E-01 1.3280693984E-01 9.4555452963E-02 4.6809683659E-02 5.5292887023E-02 1.4609407351E-01
2.1905330852E-01 4.7559045788E-02 6.6420408894E-02 1.2265286917E-01 1.3961321404E-01 1.2530688189E-01 8.7642806519E-02 4.3031021078E-02 6.1122354241E-02 1.5314702414E-01
2.2709331414E-01 5.5139543151E-02 5.9466623143E-02 1.1570970159E-01 1.3308032924E-01 1.1942989495E-01 8.3044122405E-02 4.7123598230E-02 6.8363130591E-02 1.6118405121E-01
2.3467767501E-01 6.2882737277E-02 5.4413409209E-02 1.1022719309E-01 1.2812345251E-01 1.1545829444E-01 8.1143645056E-02 5.4507280339E-02 7.6266396662E-02 1.7040917832E-01
2.4184872615E-01 7.0792601575E-02 5.1998616645E-02 1.0657861168E-01 1.2509534450E-01 1.1377191770E-01 8.2439526291E-02 6.5948135098E-02 8.5720370421E-02 1.8059914064E-01
2.4869339349E-01 7.9063868815E-02 5.3156657849E-02 1.0537904781E-01 1.2461595221E-01 1.1483927257E-01 8.6678558147E-02 7.8180517070E-02 9.7813058196E-02 1.9338482241E-01
2.5531904653E-01 8.8013140854E-02 5.8696420182E-02 1.0754710260E-01 1.2686196994E-01 1.1882829787E-01 9.5378053441E-02 8.9276020613E-02 1.1327983025E-01 2.0884998845E-01
2.6192847329E-01 9.8176192541E-02 6.9152121003E-02 1.1264115787E-01 1.3182013254E-01 1.2384078043E-01 1.0884074974E-01 1.0645916280E-01 1.3169933331E-01 2.2593004242E-01
2.6877098667E-01 1.1022709363E-01 8.2167474091E-02 1.1867842219E-01 1.3679548728E-01 1.2919152246E-01 1.1975023765E-01 1.0523271203E-01 1.5088142343E-01 2.4252098842E-01
