2.2370106609E-01 1.0661166192E-01 1.3391564058E-01 1.7608001052E-01 1.9087230131E-01 1.8059695933E-01 1.5493834936E-01 1.3234695852E-01 1.4382633843E-01 2.0996554636E-01
2.2370261691E-01 8.9072092158E-02 1.1102416889E-01 1.5547730179E-01 1.7055617588E-01 1.5898852704E-01 1.3043278273E-01 1.0498238578E-01 1.2245182451E-01 2.0116463180E-01
2.2532868588E-01 7.3896982306E-02 8.8624106004E-02 1.3641305211E-01 1.5200535730E-01 1.3912418432E-01 1.0707428858E-01 7.7650525658E-02 1.0709364529E-01 1.9568598682E-01
2.2868745209E-01 6.3450475125E-02 6.7884003384E-02 1.2004763649E-01 1.3634194082E-01 1.2231285488E-01 8.6419541205E-02 5.3205161573E-02 9.5484306031E-02 1.9228194589E-01
2.3391353436E-01 6.1148299256E-02 5.2081319693E-02 1.0826209630E-01 1.2526044054E-01 1.1065734842E-01 7.1899027749E-02 3.8528774712E-02 9.0088944251E-02 1.9180745550E-01
2.4115892437E-01 6.8925329654E-02 4.8364104706E-02 1.0359934771E-01 1.2094149330E-01 1.0693095822E-01 6.9303812135E-02 4.8746465392E-02 9.1725431553E-02 1.9409154571E-01
2.5058496374E-01 8.5186753419E-02 6.1009375144E-02 1.0829729878E-01 1.2538983172E-01 1.1321929142E-01 8.0867414453E-02 7.0800424529E-02 1.0044832624E-01 2.0051751857E-01
2.6233364381E-01 1.0728020821E-01 8.4770307207E-02 1.2294208384E-01 1.3861304925E-01 1.2866612138E-01 1.0329531620E-01 9.3658119016E-02 1.1544433471E-01 2.1112321573E-01
2.7661407863E-01 1.3366492895E-01 1.1489470615E-01 1.4482632161E-01 1.5846426707E-01 1.4835891000E-01 1.3125652558E-01 1.2144321510E-01 1.3544527658E-01 2.2510799008E-01
2.9363550323E-01 1.6373207872E-01 1.4750827411E-01 1.6955931314E-01 1.8009079439E-01 1.6940388528E-01 1.5609950895E-01 1.3034124640E-01 1.5682652893E-01 2.3987630011E-01
