2.0168775671E-01 3.4736743919E-02 8.4413235371E-02 1.4011821579E-01 1.5658593158E-01 1.4178040742E-01 1.0350993459E-01 5.5212433251E-02 5.6203637792E-02 1.4166538741E-01
2.1056237789E-01 4.0463381504E-02 7.4804139388E-02 1.3081340369E-01 1.4746700814E-01 1.3277998063E-01 9.4520142488E-02 4.6791497970E-02 5.5498626607E-02 1.4613388517E-01
2.1904869373E-01 4.7558902016E-02 6.6415159960E-02 1.2264145676E-01 1.3959451377E-01 1.2527931548E-01 8.7604852674E-02 4.3004602316E-02 6.1276016391E-02 1.5314410748E-01
2.2708588029E-01 5.5136650640E-02 5.9464152007E-02 1.1570128139E-01 1.3306485747E-01 1.1940602906E-01 8.3010847795E-02 4.7086623650E-02 6.8446028709E-02 1.6115255470E-01
2.3466893892E-01 6.2882622071E-02 5.4419797594E-02 1.1022477964E-01 1.2811391024E-01 1.1544165227E-01 8.1121758412E-02 5.4512277441E-02 7.6293060862E-02 1.7036182669E-01
2.4183969580E-01 7.0797528699E-02 5.2018082749E-02 1.0658395274E-01 1.2509296294E-01 1.1376427854E-01 8.2435893265E-02 6.6004460877E-02 8.5716765469E-02 1.8054877300E-01
2.4868467332E-01 7.9074148895E-02 5.3189048755E-02 1.0539184178E-01 1.2461924946E-01 1.1483948541E-01 8.6681748460E-02 7.8240969285E-02 9.7801523449E-02 1.9334385766E-01
2.5531085734E-01 8.8027738607E-02 5.8736136723E-02 1.0756264895E-01 1.2685822495E-01 1.1882530160E-01 9.5382377180E-02 8.9320655592E-02 1.1328461466E-01 2.0882855616E-01
2.6192078560E-01 9.8193369384E-02 6.9188091694E-02 1.1263443147E-01 1.3180128634E-01 1.2383032628E-01 1.0884373925E-01 1.0649276379E-01 1.3171516766E-01 2.2592761689E-01
2.6876369662E-01 1.1024418639E-01 8.2165004529E-02 1.1862103367E-01 1.3676371848E-01 1.2918071842E-01 1.1975014037E-01 1.0524515224E-01 1.5089637773E-01 2.4253204274E-01
