2.0182627436E-01 3.5290526280E-02 8.4554933419E-02 1.4015853763E-01 1.5658890700E-01 1.4175612496E-01 1.0345420556E-01 5.5106771864E-02 5.6108583219E-02 1.4160839973E-01
2.1065574867E-01 4.0791054531E-02 7.4908516965E-02 1.3083771684E-01 1.4746360676E-01 1.3275703992E-01 9.4477116226E-02 4.6734818234E-02 5.5475237574E-02 1.4610675102E-01
2.1910306045E-01 4.7721351678E-02 6.6477063334E-02 1.2265036293E-01 1.3958585093E-01 1.2525873988E-01 8.7575474272E-02 4.3003383965E-02 6.1288559117E-02 1.5313195599E-01
2.2710715121E-01 5.5187834302E-02 5.9481515012E-02 1.1569739546E-01 1.3305357117E-01 1.1938995166E-01 8.2995664306E-02 4.7126425511E-02 6.8475916345E-02 1.6114347382E-01
2.3466331103E-01 6.2863810173E-02 5.4398063232E-02 1.1021377588E-01 1.2810470451E-01 1.1543335136E-01 8.1119271519E-02 5.4544172210E-02 7.6297558101E-02 1.7033623198E-01
2.4181349112E-01 7.0740182134E-02 5.1973959385E-02 1.0657504471E-01 1.2509279428E-01 1.1376749571E-01 8.2437856124E-02 6.5982844573E-02 8.5652325408E-02 1.8048596383E-01
2.4864455096E-01 7.9004091532E-02 5.3151284129E-02 1.0539811764E-01 1.2463733430E-01 1.1485406829E-01 8.6680073763E-02 7.8155867629E-02 9.7649713860E-02 1.9323467213E-01
2.5526397883E-01 8.7967406302E-02 5.8737084733E-02 1.0760120270E-01 1.2690376100E-01 1.1884472115E-01 9.5364289498E-02 8.9146933398E-02 1.1305609578E-01 2.0867977967E-01
2.6187496754E-01 9.8163106311E-02 6.9254211713E-02 1.1272479056E-01 1.3186046295E-01 1.2384390906E-01 1.0873681357E-01 1.0618149024E-01 1.3141148534E-01 2.2573692425E-01
2.6872752800E-01 1.1026317078E-01 8.2317457119E-02 1.1875759061E-01 1.3682436567E-01 1.2917264250E-01 1.1950354656E-01 1.0480096646E-01 1.5052587264E-01 2.4229970774E-01
