1.2196617167E-01 1.0385421624E-01 1.0690800697E-01 1.1092569749E-01 1.1514392363E-01 1.2087710233E-01 1.2696829896E-01 1.3127316453E-01 1.3797467524E-01 1.7004802446E-01
1.0469704540E-01 8.2522199703E-02 8.5124774879E-02 8.8497093623E-02 9.1886254925E-02 9.6997148829E-02 1.0233361973E-01 1.0518516839E-01 1.1445367581E-01 1.5414918665E-01
8.8387129589E-02 6.0744371285E-02 6.3145848230E-02 6.5862151886E-02 6.8228199569E-02 7.2684702760E-02 7.7287021665E-02 7.8876082099E-02 9.6969702687E-02 1.4114419125E-01
7.4345075638E-02 3.9195410739E-02 4.2124086983E-02 4.4205703857E-02 4.5101638195E-02 4.8800068150E-02 5.2663613955E-02 5.5178267609E-02 8.2546007597E-02 1.3043105021E-01
6.5108496344E-02 2.2184321314E-02 2.7600099222E-02 2.9096512277E-02 2.7475072032E-02 2.9717651842E-02 3.2507652334E-02 4.0084141441E-02 7.5508616565E-02 1.2346667037E-01
6.4129854721E-02 2.7219034681E-02 3.3976022083E-02 3.5262970927E-02 3.2668402160E-02 3.2383766032E-02 3.3237231784E-02 4.8364302610E-02 7.6857894595E-02 1.2081074126E-01
7.3157020576E-02 5.0144535085E-02 5.6740445622E-02 5.8768651586E-02 5.7612891550E-02 5.6692677713E-02 5.6306489922E-02 7.0106190294E-02 8.4323511156E-02 1.2211453594E-01
9.0553507400E-02 7.8140366604E-02 8.5541088877E-02 8.8950514858E-02 8.8337560280E-02 8.7303111896E-02 8.7675542819E-02 9.3673343904E-02 9.4698498383E-02 1.2569708530E-01
1.1391040580E-01 1.0917349149E-01 1.1814880212E-01 1.2146036546E-01 1.2079391593E-01 1.1756132217E-01 1.2034269173E-01 1.2243031157E-01 1.1120898982E-01 1.3462107073E-01
1.4171304831E-01 1.4316545402E-01 1.5224986599E-01 1.5329470081E-01 1.5131387611E-01 1.4609913770E-01 1.4716638833E-01 1.3139970794E-01 1.2975984878E-01 1.4560919413E-01
