6.6046139318E-02 1.0468147448E-02 2.4464304185E-02 3.3699143246E-02 3.7250108653E-02 4.0450623389E-02 4.2250003705E-02 3.9071011952E-02 2.7423824167E-02 6.0347080670E-02
6.6818603656E-02 1.1429330519E-02 2.0190575558E-02 2.6480916535E-02 2.7442733537E-02 3.0065214293E-02 3.3198994870E-02 3.2890649045E-02 2.5285332601E-02 5.6767308009E-02
6.8435222807E-02 1.8547196659E-02 2.1475914394E-02 2.3396474225E-02 2.0670423985E-02 2.2547870492E-02 2.8231686147E-02 3.3680386708E-02 3.4241507424E-02 5.6534690201E-02
7.0335671848E-02 2.6250912743E-02 2.6614446801E-02 2.5147586587E-02 1.9400097861E-02 2.0564253224E-02 2.9128101004E-02 4.4392571194E-02 4.2835069925E-02 5.8194578733E-02
7.2196145269E-02 3.3672303450E-02 3.3588695976E-02 3.0760007836E-02 2.4499194914E-02 2.5568037175E-02 3.5585354156E-02 5.6268210957E-02 4.9997430782E-02 6.1903131153E-02
7.3913665728E-02 4.0930246289E-02 4.1623000420E-02 3.8939239335E-02 3.3772437221E-02 3.5391041338E-02 4.6167498108E-02 6.9020881310E-02 5.6104088697E-02 6.7314957346E-02
7.5572879189E-02 4.8418455716E-02 5.0741392278E-02 4.9215491047E-02 4.5917253595E-02 4.8712625182E-02 5.8395156907E-02 8.0207608651E-02 6.2130028847E-02 7.7175534898E-02
7.7470234018E-02 5.6692222141E-02 6.1376258492E-02 6.1934335402E-02 6.0480192540E-02 6.3237647336E-02 7.3201421767E-02 8.7807602087E-02 7.0070524162E-02 9.1097853844E-02
8.0186347882E-02 6.6536792819E-02 7.4400794098E-02 7.6178352747E-02 7.5667700003E-02 7.6246638273E-02 8.9673087142E-02 9.8317277009E-02 8.1147683842E-02 1.0676406120E-01
8.4492515818E-02 7.8886307564E-02 8.8689664925E-02 8.8987220449E-02 8.7897942387E-02 8.7650333939E-02 9.8386768880E-02 8.8682981192E-02 9.2984281596E-02 1.2071263751E-01
