6.6936640189E-02 1.2224460729E-02 2.3424726387E-02 3.1505402695E-02 3.4030355929E-02 3.6626836824E-02 3.8319418572E-02 3.5694315918E-02 3.1985436188E-02 6.0811686305E-02
6.6942111411E-02 1.1923798384E-02 1.9760016587E-02 2.5287519606E-02 2.5315083871E-02 2.7346371990E-02 3.0435949579E-02 3.0676246514E-02 3.0602685261E-02 5.6396413450E-02
6.7984870546E-02 1.8228788628E-02 2.1595853634E-02 2.3335132368E-02 2.0020316137E-02 2.1305930335E-02 2.6911585683E-02 3.2795387200E-02 3.7000123766E-02 5.5643401434E-02
6.9520117172E-02 2.5726170576E-02 2.7002262921E-02 2.5882977611E-02 2.0194812566E-02 2.0868857511E-02 2.9007919600E-02 4.4333071729E-02 4.3450572984E-02 5.7561562484E-02
7.1210343469E-02 3.3156121488E-02 3.4045117965E-02 3.1733729424E-02 2.5746475834E-02 2.6436624179E-02 3.5869099113E-02 5.6293315939E-02 4.9727327023E-02 6.1915665866E-02
7.2922330209E-02 4.0512682254E-02 4.2055003929E-02 3.9811741386E-02 3.4767348095E-02 3.5949567505E-02 4.6096735074E-02 6.8983046484E-02 5.5906831763E-02 6.8246711917E-02
7.4710880302E-02 4.8138578252E-02 5.1105724781E-02 4.9846398585E-02 4.6391495392E-02 4.8160820725E-02 5.8007185665E-02 7.9998899273E-02 6.2951132574E-02 7.9197621873E-02
7.6828848883E-02 5.6545808993E-02 6.1647312825E-02 6.2238231639E-02 5.9832304883E-02 6.2482766697E-02 7.2945714992E-02 8.7668512952E-02 7.2140547259E-02 9.3898768613E-02
7.9809692414E-02 6.6488462586E-02 7.4534581318E-02 7.5868436533E-02 7.4838633213E-02 7.5625119633E-02 8.9532250341E-02 9.8876831424E-02 8.3444875090E-02 1.0964635093E-01
8.4362617901E-02 7.8857916796E-02 8.8594432158E-02 8.8567217545E-02 8.7540446694E-02 8.7499242343E-02 9.8321603282E-02 8.9007586470E-02 9.4352285220E-02 1.2286105470E-01
