7.4904561581E-02 2.4554587098E-02 2.6863595573E-02 3.2678924518E-02 3.4652076129E-02 3.6848166270E-02 3.8010823112E-02 3.4836362558E-02 3.4524184718E-02 6.9877628620E-02
7.4253902405E-02 2.2744165674E-02 2.2378707923E-02 2.5912005704E-02 2.5711217434E-02 2.7493251690E-02 2.9802176049E-02 2.8534884729E-02 3.2771957249E-02 6.3287871473E-02
7.3962246890E-02 2.4289594597E-02 2.2575751705E-02 2.3470038136E-02 2.0654396886E-02 2.1945595523E-02 2.6289949049E-02 2.9809277018E-02 3.9580522345E-02 5.9294273486E-02
7.3872775189E-02 2.8257465233E-02 2.6937921311E-02 2.6121155012E-02 2.1700049330E-02 2.2472851128E-02 2.8662391425E-02 4.0701658314E-02 4.5017905068E-02 5.7810929437E-02
7.3995300488E-02 3.3822020703E-02 3.3907532446E-02 3.2653151285E-02 2.8162849776E-02 2.8670900439E-02 3.5720013167E-02 5.3041710383E-02 5.0178035094E-02 5.9592144295E-02
7.4470459764E-02 4.0620330339E-02 4.2538326414E-02 4.1653747724E-02 3.7791807292E-02 3.8273423598E-02 4.5922256026E-02 6.7242467804E-02 5.5975836938E-02 6.4480891474E-02
7.5578074841E-02 4.8674749287E-02 5.2627739543E-02 5.2609125137E-02 4.9672471604E-02 5.0097586059E-02 5.7799242473E-02 8.0380269319E-02 6.4201817920E-02 7.5597511779E-02
7.7745795277E-02 5.8233739457E-02 6.4412939583E-02 6.5712939213E-02 6.2863810310E-02 6.3488681679E-02 7.3603260655E-02 9.0908478849E-02 7.6950578958E-02 9.2320294774E-02
8.1615301204E-02 6.9803480831E-02 7.8493750317E-02 7.9482303203E-02 7.6822402405E-02 7.6203399704E-02 9.2002667471E-02 1.0658341446E-01 9.3384399688E-02 1.1136174389E-01
8.7891503306E-02 8.3984099053E-02 9.3175707154E-02 9.1750111061E-02 8.8509226567E-02 8.8123850376E-02 1.0483718687E-01 1.0358190308E-01 1.1001567153E-01 1.2805492512E-01
