5.606403292745964e-01 2.649509076973012e+00
6.239709419340809e-01 2.487082428868340e+00
6.685122877288919e-01 3.315339636478716e+00
6.016405254476869e-01 3.913852430335262e+00
7.403472571613567e-01 1.424935733894638e+00
6.387720619780617e-01 2.820397276722437e+00
5.310865354350019e-01 4.183110053042370e-01
7.141909410258296e-01 3.721430386801678e+00
7.935511842452734e-01 1.027017445825988e+00
6.190686522376130e-01 1.267941618313176e+00
7.677854271067082e-01 6.188488997079986e-01
7.341951682728123e-01 8.722495093577386e-01
5.069634564137516e-01 3.495456541190495e+00
5.455417586220846e-01 1.924955368316879e+00
5.279319365712219e-01 7.475349750719121e-02
5.767003420791247e-01 2.384077211156583e-01
7.750062962351030e-01 2.337245062920437e+00
6.910348771423465e-01 2.174256517308079e+00
6.520674321200310e-01 1.603521289819489e+00
6.964341467992645e-01 3.173341608827832e+00
