-1.562373865795445624e+02 3.694796041141244769e-02
-1.168117735091271356e+02 -5.086722319897093308e-03
-9.000000000000000000e+01 -9.620594153573091417e-03
-7.386942175064254457e+01 5.253411770721815033e-02
-5.199824572522513222e+01 3.195322853567782173e-02
-4.045362014731050948e+01 -4.687175517018898202e-03
-3.686989764586862606e+01 -1.172168938342256321e-02
-3.686989764586422069e+01 -1.353473537945953584e-02
-3.686989764585377571e+01 4.535781600417797960e-03
-3.686989764584645712e+01 1.329891452388388684e-01
-3.346615935109650053e+01 1.299053813669494906e+00
-2.631292591490300126e+01 1.528841352489615391e+00
-1.878016837617559531e+01 1.707561509592617766e+00
-1.122020701637723583e+01 1.828792355641635892e+00
-3.757791895411569438e+00 1.820951324666413296e+00
3.241182109649300980e+00 1.816789111598822393e+00
9.843091120630115043e+00 1.753377056017332070e+00
1.616605116977766698e+01 1.621982766831601364e+00
2.195163085025014027e+01 1.461554073443122048e+00
2.759022954166181663e+01 1.304663759069047968e+00
3.367328512123958717e+01 1.114073275187064338e+00
3.686989764584401996e+01 -1.236589740802143678e-02
3.686989764584401996e+01 -1.787840712653723796e-02
3.686989764585432994e+01 1.805529790938875667e-01
3.686989764585577234e+01 -3.463248054642979745e-04
4.051335541498946924e+01 -1.899292706343667231e-02
5.222321706691267451e+01 -1.298678637301128522e-02
7.408697846236688633e+01 -5.111584272955570218e-03
9.000000000000000000e+01 -2.270804754858795488e-02
1.064854564192944792e+02 -2.213487353853527129e-02
1.380739405896418077e+02 -1.480009117743258558e-02
1.593549872853205613e+02 -9.890692639716040097e-03
1.800000000000000000e+02 1.899091877751550583e-04
