-1.562373865795445624e+02 5.674055140619340548e-02
-1.168117735091271356e+02 8.337348479985214837e-04
-9.000000000000000000e+01 -5.047187499149675440e-03
-7.386942175064254457e+01 7.966522391936271819e-02
-5.199824572522513222e+01 5.447646734901866877e-02
-4.045362014731050948e+01 1.229139725760699034e-02
-3.686989764586862606e+01 -3.169647600523261589e-03
-3.686989764586422069e+01 -6.281768305281371437e-03
-3.686989764585377571e+01 1.920819812160895826e-02
-3.686989764584645712e+01 1.698323223538152349e-01
-3.346615935109650053e+01 1.460358999435175553e+00
-2.631292591490300126e+01 1.653611632571649892e+00
-1.878016837617559531e+01 1.778529375415732527e+00
-1.122020701637723583e+01 1.824601011153406116e+00
-3.757791895411569438e+00 1.751366274982225857e+00
3.241182109649300980e+00 1.732234111269076671e+00
9.843091120630115043e+00 1.669634358755084369e+00
1.616605116977766698e+01 1.528655896045978180e+00
2.195163085025014027e+01 1.360965169797025087e+00
2.759022954166181663e+01 1.198469684009220604e+00
3.367328512123958717e+01 1.015621290199711257e+00
3.686989764584401996e+01 -1.538818622489145256e-02
3.686989764584401996e+01 -2.016690411652417858e-02
3.686989764585432994e+01 1.639305356968089600e-01
3.686989764585577234e+01 -5.881345889434728622e-03
4.051335541498946924e+01 -2.142851173908156756e-02
5.222321706691267451e+01 -1.801318925533554327e-02
7.408697846236688633e+01 -1.294318601781574603e-02
9.000000000000000000e+01 -2.333570964294663305e-02
1.064854564192944792e+02 -2.320991200879816627e-02
1.380739405896418077e+02 -1.969349146445757703e-02
1.593549872853205613e+02 -1.587577454138897406e-02
1.800000000000000000e+02 2.786369050364272560e-03
