-1.562373865795445624e+02 3.809392549840939085e-02
-1.168117735091271356e+02 -4.944145749403518891e-03
-9.000000000000000000e+01 -9.403176319648237635e-03
-7.386942175064254457e+01 5.348582128623004250e-02
-5.199824572522513222e+01 3.234816456407547253e-02
-4.045362014731050948e+01 -3.961944368946927059e-03
-3.686989764586862606e+01 -1.107409681116540770e-02
-3.686989764586422069e+01 -1.311753881869765805e-02
-3.686989764585377571e+01 6.007047385283396934e-03
-3.686989764584645712e+01 1.387893549703790863e-01
-3.346615935109650053e+01 1.338889034428495384e+00
-2.631292591490300126e+01 1.571419559902891283e+00
-1.878016837617559531e+01 1.724430346685814408e+00
-1.122020701637723583e+01 1.832259697131949583e+00
-3.757791895411569438e+00 1.813853257726206536e+00
3.241182109649300980e+00 1.810462003380870044e+00
9.843091120630115043e+00 1.750196786015244754e+00
1.616605116977766698e+01 1.620100790032795723e+00
2.195163085025014027e+01 1.465450018479610872e+00
2.759022954166181663e+01 1.316859239872633536e+00
3.367328512123958717e+01 1.129119596417681892e+00
3.686989764584401996e+01 -1.223877342569014252e-02
3.686989764584401996e+01 -1.778884035961114662e-02
3.686989764585432994e+01 1.823927819524486793e-01
3.686989764585577234e+01 -9.425824951004094232e-05
4.051335541498946924e+01 -1.890648730289538892e-02
5.222321706691267451e+01 -1.280604702098214753e-02
7.408697846236688633e+01 -4.869780826495386655e-03
9.000000000000000000e+01 -2.269158127534997779e-02
1.064854564192944792e+02 -2.211192633085522219e-02
1.380739405896418077e+02 -1.468842725709697088e-02
1.593549872853205613e+02 -9.757022043840705983e-03
1.800000000000000000e+02 5.623242442867083801e-04
