-1.562373865795445624e+02 5.987288624186617308e-02
-1.168117735091271356e+02 1.428589074498106196e-02
-9.000000000000000000e+01 -1.645390967888294906e-02
-9.000000000000000000e+01 -2.708199415853756054e-03
-7.386942175064254457e+01 8.127695062790137037e-02
-5.199824572522513222e+01 5.515516672322274411e-02
-4.045362014731050948e+01 1.162839402375031618e-02
-3.686989764586862606e+01 -3.450454541386032727e-03
-3.686989764586422069e+01 -6.486804350326594651e-03
-3.686989764585377571e+01 1.890457684577031769e-02
-3.686989764584645712e+01 1.709372314891267619e-01
-3.346615935109650053e+01 1.489006752246419429e+00
-2.631292591490300126e+01 1.686568743938603676e+00
-1.878016837617559531e+01 1.783857433078598564e+00
-1.122020701637723583e+01 1.812923438939820109e+00
-3.757791895411569438e+00 1.733800591903749577e+00
3.241182109649300980e+00 1.749739474007249385e+00
9.843091120630115043e+00 1.721028650969754104e+00
1.616605116977766698e+01 1.566205742263744760e+00
2.195163085025014027e+01 1.376893741975535379e+00
2.759022954166181663e+01 1.193411108373374052e+00
3.367328512123958717e+01 9.988220141831481991e-01
3.686989764584401996e+01 -2.171415039223272350e-02
3.686989764584401996e+01 -1.765401265864670680e-02
3.686989764584401996e+01 -2.048881175150020148e-02
3.686989764584902929e+01 1.812757196148699346e-01
3.686989764585577234e+01 -1.861119943796845158e-02
3.686989764585995033e+01 3.782819942617692693e-02
4.051335541498946924e+01 -1.645885198869868199e-02
5.222321706691267451e+01 -1.135561530545202598e-02
7.408697846236688633e+01 -5.886052128244124645e-03
9.000000000000000000e+01 -2.383760294194081295e-02
9.000000000000000000e+01 -2.257448039593755104e-02
1.064854564192944792e+02 -2.164456182736506154e-02
1.380739405896418077e+02 -1.345394819198864229e-02
1.593549872853205613e+02 -1.099501522291325938e-02
1.800000000000000000e+02 4.345781562208225236e-03
