-1.562373865795445624e+02 5.734117079039182524e-02
-1.168117735091271356e+02 1.102855217958165429e-03
-9.000000000000000000e+01 -5.121755009538949029e-03
-7.386942175064254457e+01 7.993381703602810140e-02
-5.199824572522513222e+01 5.449348151369810128e-02
-4.045362014731050948e+01 1.223387966287719716e-02
-3.686989764586862606e+01 -3.613280390102492808e-03
-3.686989764586422069e+01 -6.497819370991557084e-03
-3.686989764585377571e+01 1.796772822030348257e-02
-3.686989764584645712e+01 1.641700061478419959e-01
-3.346615935109650053e+01 1.421409969837798881e+00
-2.631292591490300126e+01 1.619327889337197179e+00
-1.878016837617559531e+01 1.760516443201650016e+00
-1.122020701637723583e+01 1.845482833326870020e+00
-3.757791895411569438e+00 1.783348053775309028e+00
3.241182109649300980e+00 1.748059201053290490e+00
9.843091120630115043e+00 1.669191570134638924e+00
1.616605116977766698e+01 1.522283802604550873e+00
2.195163085025014027e+01 1.344927344724719642e+00
2.759022954166181663e+01 1.171997182447690244e+00
3.367328512123958717e+01 9.833112071407527077e-01
3.686989764584401996e+01 -1.551998796126368915e-02
3.686989764584401996e+01 -2.018453101763606136e-02
3.686989764585432994e+01 1.609105029577222734e-01
3.686989764585577234e+01 -6.157813805150095729e-03
4.051335541498946924e+01 -2.141964171565690842e-02
5.222321706691267451e+01 -1.797293866210111779e-02
7.408697846236688633e+01 -1.286511055577325285e-02
9.000000000000000000e+01 -2.332382802895812540e-02
1.064854564192944792e+02 -2.318337267035457464e-02
1.380739405896418077e+02 -1.958247282759331340e-02
1.593549872853205613e+02 -1.511312858924008726e-02
1.800000000000000000e+02 3.143736646341364384e-03
