-1.562373865795445624e+02 4.000976103623257729e-02
-1.168117735091271356e+02 5.330666305094593216e-03
-9.000000000000000000e+01 -1.885436350863765181e-02
-9.000000000000000000e+01 -7.675726422149434236e-03
-7.386942175064254457e+01 5.476168332005340589e-02
-5.199824572522513222e+01 3.370258098930195567e-02
-4.045362014731050948e+01 -3.332776507485285533e-03
-3.686989764586862606e+01 -1.075483718569830716e-02
-3.686989764586422069e+01 -1.280344225578568598e-02
-3.686989764585377571e+01 6.687349404532739322e-03
-3.686989764584645712e+01 1.423104368273430120e-01
-3.346615935109650053e+01 1.374099385706381904e+00
-2.631292591490300126e+01 1.599366213782566826e+00
-1.878016837617559531e+01 1.740756254801845149e+00
-1.122020701637723583e+01 1.821641819595707812e+00
-3.757791895411569438e+00 1.787781016816216262e+00
3.241182109649300980e+00 1.811176377002519544e+00
9.843091120630115043e+00 1.778170758973899979e+00
1.616605116977766698e+01 1.634396591034284585e+00
2.195163085025014027e+01 1.464793713949662068e+00
2.759022954166181663e+01 1.306629849398953658e+00
3.367328512123958717e+01 1.123171207094668222e+00
3.686989764584401996e+01 -1.998706703152250755e-02
3.686989764584401996e+01 -1.395855500714322101e-02
3.686989764584401996e+01 -1.816338891250174337e-02
3.686989764584902929e+01 2.001486487696341743e-01
3.686989764585577234e+01 -1.543303037513223119e-02
3.686989764585995033e+01 4.607468883295159912e-02
4.051335541498946924e+01 -1.076024191165297038e-02
5.222321706691267451e+01 -2.702673484911950058e-03
7.408697846236688633e+01 5.325515158708910013e-03
9.000000000000000000e+01 -2.155803052513799098e-02
9.000000000000000000e+01 -2.342357083529269732e-02
1.064854564192944792e+02 -1.935221730483707020e-02
1.380739405896418077e+02 -5.613834930914708005e-03
1.593549872853205613e+02 -2.611945634883768019e-03
1.800000000000000000e+02 2.919678104423149151e-03
